-----------------矩阵更新如下-------------------
.00 .81 1.32 1.94 1.82 
.00 .00 1.56 2.16 1.77 
.00 .00 .00 .63 .71 
.00 .00 .00 .00 .71 
.00 .00 .00 .00 .00 

combine3 4 距离是：0.6324555320336759
-----------------矩阵更新如下-------------------
.00 .81 1.32 .00 1.82 
.00 .00 1.56 .00 1.77 
.00 .00 .00 .00 .00 
.00 .00 .00 .00 .71 
.00 .00 .00 .00 .00 

combine4 5 距离是：0.7071067811865475
-----------------矩阵更新如下-------------------
.00 .81 1.32 .00 .00 
.00 .00 1.56 .00 .00 
.00 .00 .00 .00 .00 
.00 .00 .00 .00 .00 
.00 .00 .00 .00 .00 

combine1 2 距离是：0.806225774829855
-----------------矩阵更新如下-------------------
.00 .00 1.32 .00 .00 
.00 .00 .00 .00 .00 
.00 .00 .00 .00 .00 
.00 .00 .00 .00 .00 
.00 .00 .00 .00 .00 

combine1 3 距离是：1.3152946437965907
-----------------矩阵更新如下-------------------
.00 .00 .00 .00 .00 
.00 .00 .00 .00 .00 
.00 .00 .00 .00 .00 
.00 .00 .00 .00 .00 
.00 .00 .00 .00 .00 

